002020220022002022	[ -6 -6  2  2 -2  2 -2  2 -2 ]
122200002020000222	[  4  4 -4 -4  0 -4  0 -4  0 ]

002020220022002022	[ -6 -6  2  2 -2  2 -2  2 -2 ]
033311113131111333	[  4  4 -4 -4  0 -4  0 -4  0 ]

002020220022002022	[ -6 -6  2  2 -2  2 -2  2 -2 ]
313221100303001122	[  4  4 -4 -4  0 -4  0 -4  0 ]

002020220022002022	[ -6 -6  2  2 -2  2 -2  2 -2 ]
332023300112121100	[  4  4 -4 -4  0 -4  0 -4  0 ]

002020220020220022	[ -6 -6  2  2 -2  2 -2  2 -2 ]
122200002020000222	[  4  4 -4 -4  0 -4  0 -4  0 ]

002020220020220022	[ -6 -6  2  2 -2  2 -2  2 -2 ]
033311113131111333	[  4  4 -4 -4  0 -4  0 -4  0 ]

002020220020220022	[ -6 -6  2  2 -2  2 -2  2 -2 ]
313221100303001122	[  4  4 -4 -4  0 -4  0 -4  0 ]

002020220020220022	[ -6 -6  2  2 -2  2 -2  2 -2 ]
332023300112121100	[  4  4 -4 -4  0 -4  0 -4  0 ]

130201230132021032	[ -6 -6  2  2 -2  2 -2  2 -2 ]
122200002020000222	[  4  4 -4 -4  0 -4  0 -4  0 ]

130201230132021032	[ -6 -6  2  2 -2  2 -2  2 -2 ]
033311113131111333	[  4  4 -4 -4  0 -4  0 -4  0 ]

130201230132021032	[ -6 -6  2  2 -2  2 -2  2 -2 ]
313221100303001122	[  4  4 -4 -4  0 -4  0 -4  0 ]

130201230132021032	[ -6 -6  2  2 -2  2 -2  2 -2 ]
332023300112121100	[  4  4 -4 -4  0 -4  0 -4  0 ]

130123020132103202	[ -6 -6  2  2 -2  2 -2  2 -2 ]
122200002020000222	[  4  4 -4 -4  0 -4  0 -4  0 ]

130123020132103202	[ -6 -6  2  2 -2  2 -2  2 -2 ]
033311113131111333	[  4  4 -4 -4  0 -4  0 -4  0 ]

130123020132103202	[ -6 -6  2  2 -2  2 -2  2 -2 ]
313221100303001122	[  4  4 -4 -4  0 -4  0 -4  0 ]

130123020132103202	[ -6 -6  2  2 -2  2 -2  2 -2 ]
332023300112121100	[  4  4 -4 -4  0 -4  0 -4  0 ]

002002020020222022	[ -6 -2  6 -2 -2 -2  2 -2 -2 ]
303022200111002220	[  4  0 -8  0  0  0 -4  0  0 ]

002002020020222022	[ -6 -2  6 -2 -2 -2  2 -2 -2 ]
332130312330111110	[  4  0 -8  0  0  0 -4  0  0 ]

002002020020222022	[ -6 -2  6 -2 -2 -2  2 -2 -2 ]
322100000122302120	[  4  0 -8  0  0  0 -4  0  0 ]

002002020020222022	[ -6 -2  6 -2 -2 -2  2 -2 -2 ]
333110001133312121	[  4  0 -8  0  0  0 -4  0  0 ]

000200220220202202	[ -6 -2  6 -2 -2 -2  2 -2 -2 ]
303022200111002220	[  4  0 -8  0  0  0 -4  0  0 ]

000200220220202202	[ -6 -2  6 -2 -2 -2  2 -2 -2 ]
332130312330111110	[  4  0 -8  0  0  0 -4  0  0 ]

000200220220202202	[ -6 -2  6 -2 -2 -2  2 -2 -2 ]
322100000122302120	[  4  0 -8  0  0  0 -4  0  0 ]

000200220220202202	[ -6 -2  6 -2 -2 -2  2 -2 -2 ]
333110001133312121	[  4  0 -8  0  0  0 -4  0  0 ]

130120223132102003	[ -6 -2  6 -2 -2 -2  2 -2 -2 ]
303022200111002220	[  4  0 -8  0  0  0 -4  0  0 ]

130120223132102003	[ -6 -2  6 -2 -2 -2  2 -2 -2 ]
332130312330111110	[  4  0 -8  0  0  0 -4  0  0 ]

130120223132102003	[ -6 -2  6 -2 -2 -2  2 -2 -2 ]
322100000122302120	[  4  0 -8  0  0  0 -4  0  0 ]

130120223132102003	[ -6 -2  6 -2 -2 -2  2 -2 -2 ]
333110001133312121	[  4  0 -8  0  0  0 -4  0  0 ]

131032022131230200	[ -6 -2  6 -2 -2 -2  2 -2 -2 ]
303022200111002220	[  4  0 -8  0  0  0 -4  0  0 ]

131032022131230200	[ -6 -2  6 -2 -2 -2  2 -2 -2 ]
332130312330111110	[  4  0 -8  0  0  0 -4  0  0 ]

131032022131230200	[ -6 -2  6 -2 -2 -2  2 -2 -2 ]
322100000122302120	[  4  0 -8  0  0  0 -4  0  0 ]

131032022131230200	[ -6 -2  6 -2 -2 -2  2 -2 -2 ]
333110001133312121	[  4  0 -8  0  0  0 -4  0  0 ]

002002020022220022	[ -2 -6  2 -2  2  2 -2 -2 -2 ]
302020300122122100	[  0  4 -4  0 -4 -4  0  0  0 ]

002002020022220022	[ -2 -6  2 -2  2  2 -2 -2 -2 ]
313211130303031112	[  0  4 -4  0 -4 -4  0  0  0 ]

002002020022220022	[ -2 -6  2 -2  2  2 -2 -2 -2 ]
320230002121212000	[  0  4 -4  0 -4 -4  0  0  0 ]

002002020022220022	[ -2 -6  2 -2  2  2 -2 -2 -2 ]
330330112131312110	[  0  4 -4  0 -4 -4  0  0  0 ]

002002002022200222	[ -2 -6  2 -2  2  2 -2 -2 -2 ]
302020300122122100	[  0  4 -4  0 -4 -4  0  0  0 ]

002002002022200222	[ -2 -6  2 -2  2  2 -2 -2 -2 ]
313211130303031112	[  0  4 -4  0 -4 -4  0  0  0 ]

002002002022200222	[ -2 -6  2 -2  2  2 -2 -2 -2 ]
320230002121212000	[  0  4 -4  0 -4 -4  0  0  0 ]

002002002022200222	[ -2 -6  2 -2  2  2 -2 -2 -2 ]
330330112131312110	[  0  4 -4  0 -4 -4  0  0  0 ]

000202202202200022	[ -2 -6  2 -2  2  2 -2 -2 -2 ]
302020300122122100	[  0  4 -4  0 -4 -4  0  0  0 ]

000202202202200022	[ -2 -6  2 -2  2  2 -2 -2 -2 ]
313211130303031112	[  0  4 -4  0 -4 -4  0  0  0 ]

000202202202200022	[ -2 -6  2 -2  2  2 -2 -2 -2 ]
320230002121212000	[  0  4 -4  0 -4 -4  0  0  0 ]

000202202202200022	[ -2 -6  2 -2  2  2 -2 -2 -2 ]
330330112131312110	[  0  4 -4  0 -4 -4  0  0  0 ]

000022002202202022	[ -2 -6  2 -2  2  2 -2 -2 -2 ]
302020300122122100	[  0  4 -4  0 -4 -4  0  0  0 ]

000022002202202022	[ -2 -6  2 -2  2  2 -2 -2 -2 ]
313211130303031112	[  0  4 -4  0 -4 -4  0  0  0 ]

000022002202202022	[ -2 -6  2 -2  2  2 -2 -2 -2 ]
320230002121212000	[  0  4 -4  0 -4 -4  0  0  0 ]

000022002202202022	[ -2 -6  2 -2  2  2 -2 -2 -2 ]
330330112131312110	[  0  4 -4  0 -4 -4  0  0  0 ]

130221230132001032	[ -2 -6  2 -2  2  2 -2 -2 -2 ]
302020300122122100	[  0  4 -4  0 -4 -4  0  0  0 ]

130221230132001032	[ -2 -6  2 -2  2  2 -2 -2 -2 ]
313211130303031112	[  0  4 -4  0 -4 -4  0  0  0 ]

130221230132001032	[ -2 -6  2 -2  2  2 -2 -2 -2 ]
320230002121212000	[  0  4 -4  0 -4 -4  0  0  0 ]

130221230132001032	[ -2 -6  2 -2  2  2 -2 -2 -2 ]
330330112131312110	[  0  4 -4  0 -4 -4  0  0  0 ]

130021030132201232	[ -2 -6  2 -2  2  2 -2 -2 -2 ]
302020300122122100	[  0  4 -4  0 -4 -4  0  0  0 ]

130021030132201232	[ -2 -6  2 -2  2  2 -2 -2 -2 ]
313211130303031112	[  0  4 -4  0 -4 -4  0  0  0 ]

130021030132201232	[ -2 -6  2 -2  2  2 -2 -2 -2 ]
320230002121212000	[  0  4 -4  0 -4 -4  0  0  0 ]

130021030132201232	[ -2 -6  2 -2  2  2 -2 -2 -2 ]
330330112131312110	[  0  4 -4  0 -4 -4  0  0  0 ]

130123220132103002	[ -2 -6  2 -2  2  2 -2 -2 -2 ]
302020300122122100	[  0  4 -4  0 -4 -4  0  0  0 ]

130123220132103002	[ -2 -6  2 -2  2  2 -2 -2 -2 ]
313211130303031112	[  0  4 -4  0 -4 -4  0  0  0 ]

130123220132103002	[ -2 -6  2 -2  2  2 -2 -2 -2 ]
320230002121212000	[  0  4 -4  0 -4 -4  0  0  0 ]

130123220132103002	[ -2 -6  2 -2  2  2 -2 -2 -2 ]
330330112131312110	[  0  4 -4  0 -4 -4  0  0  0 ]

130103200132123022	[ -2 -6  2 -2  2  2 -2 -2 -2 ]
302020300122122100	[  0  4 -4  0 -4 -4  0  0  0 ]

130103200132123022	[ -2 -6  2 -2  2  2 -2 -2 -2 ]
313211130303031112	[  0  4 -4  0 -4 -4  0  0  0 ]

130103200132123022	[ -2 -6  2 -2  2  2 -2 -2 -2 ]
320230002121212000	[  0  4 -4  0 -4 -4  0  0  0 ]

130103200132123022	[ -2 -6  2 -2  2  2 -2 -2 -2 ]
330330112131312110	[  0  4 -4  0 -4 -4  0  0  0 ]

103212021230103230	[ -2 -4 -2  0  2  0  2 -4 -2 ]
323011111032302020	[  0  2  0 -2 -4 -2 -4  2  0 ]

103212021230103230	[ -2 -4 -2  0  2  0  2 -4 -2 ]
311010113220303022	[  0  2  0 -2 -4 -2 -4  2  0 ]

103212021230103230	[ -2 -4 -2  0  2  0  2 -4 -2 ]
313123210000012321	[  0  2  0 -2 -4 -2 -4  2  0 ]

103212021230103230	[ -2 -4 -2  0  2  0  2 -4 -2 ]
331212133200101002	[  0  2  0 -2 -4 -2 -4  2  0 ]

103212303212301020	[ -2 -4 -2  0  2  0  2 -4 -2 ]
323011111032302020	[  0  2  0 -2 -4 -2 -4  2  0 ]

103212303212301020	[ -2 -4 -2  0  2  0  2 -4 -2 ]
311010113220303022	[  0  2  0 -2 -4 -2 -4  2  0 ]

103212303212301020	[ -2 -4 -2  0  2  0  2 -4 -2 ]
313123210000012321	[  0  2  0 -2 -4 -2 -4  2  0 ]

103212303212301020	[ -2 -4 -2  0  2  0  2 -4 -2 ]
331212133200101002	[  0  2  0 -2 -4 -2 -4  2  0 ]

103012103012320232	[ -2 -4 -2  0  2  0  2 -4 -2 ]
323011111032302020	[  0  2  0 -2 -4 -2 -4  2  0 ]

103012103012320232	[ -2 -4 -2  0  2  0  2 -4 -2 ]
311010113220303022	[  0  2  0 -2 -4 -2 -4  2  0 ]

103012103012320232	[ -2 -4 -2  0  2  0  2 -4 -2 ]
313123210000012321	[  0  2  0 -2 -4 -2 -4  2  0 ]

103012103012320232	[ -2 -4 -2  0  2  0  2 -4 -2 ]
331212133200101002	[  0  2  0 -2 -4 -2 -4  2  0 ]

101232103020301232	[ -2 -4 -2  0  2  0  2 -4 -2 ]
323011111032302020	[  0  2  0 -2 -4 -2 -4  2  0 ]

101232103020301232	[ -2 -4 -2  0  2  0  2 -4 -2 ]
311010113220303022	[  0  2  0 -2 -4 -2 -4  2  0 ]

101232103020301232	[ -2 -4 -2  0  2  0  2 -4 -2 ]
313123210000012321	[  0  2  0 -2 -4 -2 -4  2  0 ]

101232103020301232	[ -2 -4 -2  0  2  0  2 -4 -2 ]
331212133200101002	[  0  2  0 -2 -4 -2 -4  2  0 ]

132023123001210032	[ -2 -4 -2  0  2  0  2 -4 -2 ]
323011111032302020	[  0  2  0 -2 -4 -2 -4  2  0 ]

132023123001210032	[ -2 -4 -2  0  2  0  2 -4 -2 ]
311010113220303022	[  0  2  0 -2 -4 -2 -4  2  0 ]

132023123001210032	[ -2 -4 -2  0  2  0  2 -4 -2 ]
313123210000012321	[  0  2  0 -2 -4 -2 -4  2  0 ]

132023123001210032	[ -2 -4 -2  0  2  0  2 -4 -2 ]
331212133200101002	[  0  2  0 -2 -4 -2 -4  2  0 ]

132100323001231202	[ -2 -4 -2  0  2  0  2 -4 -2 ]
323011111032302020	[  0  2  0 -2 -4 -2 -4  2  0 ]

132100323001231202	[ -2 -4 -2  0  2  0  2 -4 -2 ]
311010113220303022	[  0  2  0 -2 -4 -2 -4  2  0 ]

132100323001231202	[ -2 -4 -2  0  2  0  2 -4 -2 ]
313123210000012321	[  0  2  0 -2 -4 -2 -4  2  0 ]

132100323001231202	[ -2 -4 -2  0  2  0  2 -4 -2 ]
331212133200101002	[  0  2  0 -2 -4 -2 -4  2  0 ]

130203103221012230	[ -2 -4 -2  0  2  0  2 -4 -2 ]
323011111032302020	[  0  2  0 -2 -4 -2 -4  2  0 ]

130203103221012230	[ -2 -4 -2  0  2  0  2 -4 -2 ]
311010113220303022	[  0  2  0 -2 -4 -2 -4  2  0 ]

130203103221012230	[ -2 -4 -2  0  2  0  2 -4 -2 ]
313123210000012321	[  0  2  0 -2 -4 -2 -4  2  0 ]

130203103221012230	[ -2 -4 -2  0  2  0  2 -4 -2 ]
331212133200101002	[  0  2  0 -2 -4 -2 -4  2  0 ]

130122303221031020	[ -2 -4 -2  0  2  0  2 -4 -2 ]
323011111032302020	[  0  2  0 -2 -4 -2 -4  2  0 ]

130122303221031020	[ -2 -4 -2  0  2  0  2 -4 -2 ]
311010113220303022	[  0  2  0 -2 -4 -2 -4  2  0 ]

130122303221031020	[ -2 -4 -2  0  2  0  2 -4 -2 ]
313123210000012321	[  0  2  0 -2 -4 -2 -4  2  0 ]

130122303221031020	[ -2 -4 -2  0  2  0  2 -4 -2 ]
331212133200101002	[  0  2  0 -2 -4 -2 -4  2  0 ]

102102012012330332	[ -2 -4  6 -2 -2 -2 -2  0 -2 ]
322020202230011100	[  0  2 -8  0  0  0  0 -2  0 ]

102102012012330332	[ -2 -4  6 -2 -2 -2 -2  0 -2 ]
312230101010322130	[  0  2 -8  0  0  0  0 -2  0 ]

102102012012330332	[ -2 -4  6 -2 -2 -2 -2  0 -2 ]
331313133211000112	[  0  2 -8  0  0  0  0 -2  0 ]

102102012012330332	[ -2 -4  6 -2 -2 -2 -2  0 -2 ]
332101010123302120	[  0  2 -8  0  0  0  0 -2  0 ]

103323301201202102	[ -2 -4  6 -2 -2 -2 -2  0 -2 ]
322020202230011100	[  0  2 -8  0  0  0  0 -2  0 ]

103323301201202102	[ -2 -4  6 -2 -2 -2 -2  0 -2 ]
312230101010322130	[  0  2 -8  0  0  0  0 -2  0 ]

103323301201202102	[ -2 -4  6 -2 -2 -2 -2  0 -2 ]
331313133211000112	[  0  2 -8  0  0  0  0 -2  0 ]

103323301201202102	[ -2 -4  6 -2 -2 -2 -2  0 -2 ]
332101010123302120	[  0  2 -8  0  0  0  0 -2  0 ]

132201200300210223	[ -2 -4  6 -2 -2 -2 -2  0 -2 ]
322020202230011100	[  0  2 -8  0  0  0  0 -2  0 ]

132201200300210223	[ -2 -4  6 -2 -2 -2 -2  0 -2 ]
312230101010322130	[  0  2 -8  0  0  0  0 -2  0 ]

132201200300210223	[ -2 -4  6 -2 -2 -2 -2  0 -2 ]
331313133211000112	[  0  2 -8  0  0  0  0 -2  0 ]

132201200300210223	[ -2 -4  6 -2 -2 -2 -2  0 -2 ]
332101010123302120	[  0  2 -8  0  0  0  0 -2  0 ]

130021022322012003	[ -2 -4  6 -2 -2 -2 -2  0 -2 ]
322020202230011100	[  0  2 -8  0  0  0  0 -2  0 ]

130021022322012003	[ -2 -4  6 -2 -2 -2 -2  0 -2 ]
312230101010322130	[  0  2 -8  0  0  0  0 -2  0 ]

130021022322012003	[ -2 -4  6 -2 -2 -2 -2  0 -2 ]
331313133211000112	[  0  2 -8  0  0  0  0 -2  0 ]

130021022322012003	[ -2 -4  6 -2 -2 -2 -2  0 -2 ]
332101010123302120	[  0  2 -8  0  0  0  0 -2  0 ]

131220320010023022	[ -2 -4  6 -2 -2 -2 -2  0 -2 ]
322020202230011100	[  0  2 -8  0  0  0  0 -2  0 ]

131220320010023022	[ -2 -4  6 -2 -2 -2 -2  0 -2 ]
312230101010322130	[  0  2 -8  0  0  0  0 -2  0 ]

131220320010023022	[ -2 -4  6 -2 -2 -2 -2  0 -2 ]
331313133211000112	[  0  2 -8  0  0  0  0 -2  0 ]

131220320010023022	[ -2 -4  6 -2 -2 -2 -2  0 -2 ]
332101010123302120	[  0  2 -8  0  0  0  0 -2  0 ]

131002302212203200	[ -2 -4  6 -2 -2 -2 -2  0 -2 ]
322020202230011100	[  0  2 -8  0  0  0  0 -2  0 ]

131002302212203200	[ -2 -4  6 -2 -2 -2 -2  0 -2 ]
312230101010322130	[  0  2 -8  0  0  0  0 -2  0 ]

131002302212203200	[ -2 -4  6 -2 -2 -2 -2  0 -2 ]
331313133211000112	[  0  2 -8  0  0  0  0 -2  0 ]

131002302212203200	[ -2 -4  6 -2 -2 -2 -2  0 -2 ]
332101010123302120	[  0  2 -8  0  0  0  0 -2  0 ]

110320320230230112	[ -2 -4  6 -2 -2 -2 -2  0 -2 ]
322020202230011100	[  0  2 -8  0  0  0  0 -2  0 ]

110320320230230112	[ -2 -4  6 -2 -2 -2 -2  0 -2 ]
312230101010322130	[  0  2 -8  0  0  0  0 -2  0 ]

110320320230230112	[ -2 -4  6 -2 -2 -2 -2  0 -2 ]
331313133211000112	[  0  2 -8  0  0  0  0 -2  0 ]

110320320230230112	[ -2 -4  6 -2 -2 -2 -2  0 -2 ]
332101010123302120	[  0  2 -8  0  0  0  0 -2  0 ]

110112302302032032	[ -2 -4  6 -2 -2 -2 -2  0 -2 ]
322020202230011100	[  0  2 -8  0  0  0  0 -2  0 ]

110112302302032032	[ -2 -4  6 -2 -2 -2 -2  0 -2 ]
312230101010322130	[  0  2 -8  0  0  0  0 -2  0 ]

110112302302032032	[ -2 -4  6 -2 -2 -2 -2  0 -2 ]
331313133211000112	[  0  2 -8  0  0  0  0 -2  0 ]

110112302302032032	[ -2 -4  6 -2 -2 -2 -2  0 -2 ]
332101010123302120	[  0  2 -8  0  0  0  0 -2  0 ]

102230003220120202	[ -2 -2 -2 -4  2  0  2 -2 -2 ]
331110111332031302	[  0  0  0  2 -4 -2 -4  0  0 ]

102230003220120202	[ -2 -2 -2 -4  2  0  2 -2 -2 ]
312021322000100022	[  0  0  0  2 -4 -2 -4  0  0 ]

102230003220120202	[ -2 -2 -2 -4  2  0  2 -2 -2 ]
313032201101102230	[  0  0  0  2 -4 -2 -4  0  0 ]

102230003220120202	[ -2 -2 -2 -4  2  0  2 -2 -2 ]
331001001332120212	[  0  0  0  2 -4 -2 -4  0  0 ]

102020120032223002	[ -2 -2 -2 -4  2  0  2 -2 -2 ]
331110111332031302	[  0  0  0  2 -4 -2 -4  0  0 ]

102020120032223002	[ -2 -2 -2 -4  2  0  2 -2 -2 ]
312021322000100022	[  0  0  0  2 -4 -2 -4  0  0 ]

102020120032223002	[ -2 -2 -2 -4  2  0  2 -2 -2 ]
313032201101102230	[  0  0  0  2 -4 -2 -4  0  0 ]

102020120032223002	[ -2 -2 -2 -4  2  0  2 -2 -2 ]
331001001332120212	[  0  0  0  2 -4 -2 -4  0  0 ]

100230202032001222	[ -2 -2 -2 -4  2  0  2 -2 -2 ]
331110111332031302	[  0  0  0  2 -4 -2 -4  0  0 ]

100230202032001222	[ -2 -2 -2 -4  2  0  2 -2 -2 ]
312021322000100022	[  0  0  0  2 -4 -2 -4  0  0 ]

100230202032001222	[ -2 -2 -2 -4  2  0  2 -2 -2 ]
313032201101102230	[  0  0  0  2 -4 -2 -4  0  0 ]

100230202032001222	[ -2 -2 -2 -4  2  0  2 -2 -2 ]
331001001332120212	[  0  0  0  2 -4 -2 -4  0  0 ]

100012203202023022	[ -2 -2 -2 -4  2  0  2 -2 -2 ]
331110111332031302	[  0  0  0  2 -4 -2 -4  0  0 ]

100012203202023022	[ -2 -2 -2 -4  2  0  2 -2 -2 ]
312021322000100022	[  0  0  0  2 -4 -2 -4  0  0 ]

100012203202023022	[ -2 -2 -2 -4  2  0  2 -2 -2 ]
313032201101102230	[  0  0  0  2 -4 -2 -4  0  0 ]

100012203202023022	[ -2 -2 -2 -4  2  0  2 -2 -2 ]
331001001332120212	[  0  0  0  2 -4 -2 -4  0  0 ]

133200212120023310	[ -2 -2 -2 -4  2  0  2 -2 -2 ]
331110111332031302	[  0  0  0  2 -4 -2 -4  0  0 ]

133200212120023310	[ -2 -2 -2 -4  2  0  2 -2 -2 ]
312021322000100022	[  0  0  0  2 -4 -2 -4  0  0 ]

133200212120023310	[ -2 -2 -2 -4  2  0  2 -2 -2 ]
313032201101102230	[  0  0  0  2 -4 -2 -4  0  0 ]

133200212120023310	[ -2 -2 -2 -4  2  0  2 -2 -2 ]
331001001332120212	[  0  0  0  2 -4 -2 -4  0  0 ]

133022010102203312	[ -2 -2 -2 -4  2  0  2 -2 -2 ]
331110111332031302	[  0  0  0  2 -4 -2 -4  0  0 ]

133022010102203312	[ -2 -2 -2 -4  2  0  2 -2 -2 ]
312021322000100022	[  0  0  0  2 -4 -2 -4  0  0 ]

133022010102203312	[ -2 -2 -2 -4  2  0  2 -2 -2 ]
313032201101102230	[  0  0  0  2 -4 -2 -4  0  0 ]

133022010102203312	[ -2 -2 -2 -4  2  0  2 -2 -2 ]
331001001332120212	[  0  0  0  2 -4 -2 -4  0  0 ]

113231102203030220	[ -2 -2 -2 -4  2  0  2 -2 -2 ]
331110111332031302	[  0  0  0  2 -4 -2 -4  0  0 ]

113231102203030220	[ -2 -2 -2 -4  2  0  2 -2 -2 ]
312021322000100022	[  0  0  0  2 -4 -2 -4  0  0 ]

113231102203030220	[ -2 -2 -2 -4  2  0  2 -2 -2 ]
313032201101102230	[  0  0  0  2 -4 -2 -4  0  0 ]

113231102203030220	[ -2 -2 -2 -4  2  0  2 -2 -2 ]
331001001332120212	[  0  0  0  2 -4 -2 -4  0  0 ]

113031120023232002	[ -2 -2 -2 -4  2  0  2 -2 -2 ]
331110111332031302	[  0  0  0  2 -4 -2 -4  0  0 ]

113031120023232002	[ -2 -2 -2 -4  2  0  2 -2 -2 ]
312021322000100022	[  0  0  0  2 -4 -2 -4  0  0 ]

113031120023232002	[ -2 -2 -2 -4  2  0  2 -2 -2 ]
313032201101102230	[  0  0  0  2 -4 -2 -4  0  0 ]

113031120023232002	[ -2 -2 -2 -4  2  0  2 -2 -2 ]
331001001332120212	[  0  0  0  2 -4 -2 -4  0  0 ]

132013221200230002	[ -2 -2 -2  0  0  0  0  2-10 ]
311131221300030220	[  0  0  0 -2 -2 -2 -2 -4  8 ]

132013221200230002	[ -2 -2 -2  0  0  0  0  2-10 ]
331211120330200021	[  0  0  0 -2 -2 -2 -2 -4  8 ]

130222102203001320	[ -2 -2 -2  0  0  0  0  2-10 ]
311131221300030220	[  0  0  0 -2 -2 -2 -2 -4  8 ]

130222102203001320	[ -2 -2 -2  0  0  0  0  2-10 ]
331211120330200021	[  0  0  0 -2 -2 -2 -2 -4  8 ]

130213200012002322	[ -2 -2 -2  0  0  0  0  2-10 ]
311131221300030220	[  0  0  0 -2 -2 -2 -2 -4  8 ]

130213200012002322	[ -2 -2 -2  0  0  0  0  2-10 ]
331211120330200021	[  0  0  0 -2 -2 -2 -2 -4  8 ]

130010220322201302	[ -2 -2 -2  0  0  0  0  2-10 ]
311131221300030220	[  0  0  0 -2 -2 -2 -2 -4  8 ]

130010220322201302	[ -2 -2 -2  0  0  0  0  2-10 ]
331211120330200021	[  0  0  0 -2 -2 -2 -2 -4  8 ]

133221020301012302	[ -2 -2 -2  0  0  0  0  2-10 ]
311131221300030220	[  0  0  0 -2 -2 -2 -2 -4  8 ]

133221020301012302	[ -2 -2 -2  0  0  0  0  2-10 ]
331211120330200021	[  0  0  0 -2 -2 -2 -2 -4  8 ]

133001202321210320	[ -2 -2 -2  0  0  0  0  2-10 ]
311131221300030220	[  0  0  0 -2 -2 -2 -2 -4  8 ]

133001202321210320	[ -2 -2 -2  0  0  0  0  2-10 ]
331211120330200021	[  0  0  0 -2 -2 -2 -2 -4  8 ]

113201230301020322	[ -2 -2 -2  0  0  0  0  2-10 ]
311131221300030220	[  0  0  0 -2 -2 -2 -2 -4  8 ]

113201230301020322	[ -2 -2 -2  0  0  0  0  2-10 ]
331211120330200021	[  0  0  0 -2 -2 -2 -2 -4  8 ]

113021032321202300	[ -2 -2 -2  0  0  0  0  2-10 ]
311131221300030220	[  0  0  0 -2 -2 -2 -2 -4  8 ]

113021032321202300	[ -2 -2 -2  0  0  0  0  2-10 ]
331211120330200021	[  0  0  0 -2 -2 -2 -2 -4  8 ]

000200202222002202	[ -2 -2  2 -2 -2  2  2 -6 -2 ]
332131312330110110	[  0  0 -4  0  0 -4 -4  4  0 ]

000200202222002202	[ -2 -2  2 -2 -2  2  2 -6 -2 ]
322100100122302020	[  0  0 -4  0  0 -4 -4  4  0 ]

000200202222002202	[ -2 -2  2 -2 -2  2  2 -6 -2 ]
333110101133312021	[  0  0 -4  0  0 -4 -4  4  0 ]

000200202222002202	[ -2 -2  2 -2 -2  2  2 -6 -2 ]
313022200101002220	[  0  0 -4  0  0 -4 -4  4  0 ]

000200200220202222	[ -2 -2  2 -2 -2  2  2 -6 -2 ]
332131312330110110	[  0  0 -4  0  0 -4 -4  4  0 ]

000200200220202222	[ -2 -2  2 -2 -2  2  2 -6 -2 ]
322100100122302020	[  0  0 -4  0  0 -4 -4  4  0 ]

000200200220202222	[ -2 -2  2 -2 -2  2  2 -6 -2 ]
333110101133312021	[  0  0 -4  0  0 -4 -4  4  0 ]

000200200220202222	[ -2 -2  2 -2 -2  2  2 -6 -2 ]
313022200101002220	[  0  0 -4  0  0 -4 -4  4  0 ]

000020220222020022	[ -2 -2  2 -2 -2  2  2 -6 -2 ]
332131312330110110	[  0  0 -4  0  0 -4 -4  4  0 ]

000020220222020022	[ -2 -2  2 -2 -2  2  2 -6 -2 ]
322100100122302020	[  0  0 -4  0  0 -4 -4  4  0 ]

000020220222020022	[ -2 -2  2 -2 -2  2  2 -6 -2 ]
333110101133312021	[  0  0 -4  0  0 -4 -4  4  0 ]

000020220222020022	[ -2 -2  2 -2 -2  2  2 -6 -2 ]
313022200101002220	[  0  0 -4  0  0 -4 -4  4  0 ]

000020200220220222	[ -2 -2  2 -2 -2  2  2 -6 -2 ]
332131312330110110	[  0  0 -4  0  0 -4 -4  4  0 ]

000020200220220222	[ -2 -2  2 -2 -2  2  2 -6 -2 ]
322100100122302020	[  0  0 -4  0  0 -4 -4  4  0 ]

000020200220220222	[ -2 -2  2 -2 -2  2  2 -6 -2 ]
333110101133312021	[  0  0 -4  0  0 -4 -4  4  0 ]

000020200220220222	[ -2 -2  2 -2 -2  2  2 -6 -2 ]
313022200101002220	[  0  0 -4  0  0 -4 -4  4  0 ]

130120003132102223	[ -2 -2  2 -2 -2  2  2 -6 -2 ]
332131312330110110	[  0  0 -4  0  0 -4 -4  4  0 ]

130120003132102223	[ -2 -2  2 -2 -2  2  2 -6 -2 ]
322100100122302020	[  0  0 -4  0  0 -4 -4  4  0 ]

130120003132102223	[ -2 -2  2 -2 -2  2  2 -6 -2 ]
333110101133312021	[  0  0 -4  0  0 -4 -4  4  0 ]

130120003132102223	[ -2 -2  2 -2 -2  2  2 -6 -2 ]
313022200101002220	[  0  0 -4  0  0 -4 -4  4  0 ]

130100223132122003	[ -2 -2  2 -2 -2  2  2 -6 -2 ]
332131312330110110	[  0  0 -4  0  0 -4 -4  4  0 ]

130100223132122003	[ -2 -2  2 -2 -2  2  2 -6 -2 ]
322100100122302020	[  0  0 -4  0  0 -4 -4  4  0 ]

130100223132122003	[ -2 -2  2 -2 -2  2  2 -6 -2 ]
333110101133312021	[  0  0 -4  0  0 -4 -4  4  0 ]

130100223132122003	[ -2 -2  2 -2 -2  2  2 -6 -2 ]
313022200101002220	[  0  0 -4  0  0 -4 -4  4  0 ]

131032000131230222	[ -2 -2  2 -2 -2  2  2 -6 -2 ]
332131312330110110	[  0  0 -4  0  0 -4 -4  4  0 ]

131032000131230222	[ -2 -2  2 -2 -2  2  2 -6 -2 ]
322100100122302020	[  0  0 -4  0  0 -4 -4  4  0 ]

131032000131230222	[ -2 -2  2 -2 -2  2  2 -6 -2 ]
333110101133312021	[  0  0 -4  0  0 -4 -4  4  0 ]

131032000131230222	[ -2 -2  2 -2 -2  2  2 -6 -2 ]
313022200101002220	[  0  0 -4  0  0 -4 -4  4  0 ]

131030022131232200	[ -2 -2  2 -2 -2  2  2 -6 -2 ]
332131312330110110	[  0  0 -4  0  0 -4 -4  4  0 ]

131030022131232200	[ -2 -2  2 -2 -2  2  2 -6 -2 ]
322100100122302020	[  0  0 -4  0  0 -4 -4  4  0 ]

131030022131232200	[ -2 -2  2 -2 -2  2  2 -6 -2 ]
333110101133312021	[  0  0 -4  0  0 -4 -4  4  0 ]

131030022131232200	[ -2 -2  2 -2 -2  2  2 -6 -2 ]
313022200101002220	[  0  0 -4  0  0 -4 -4  4  0 ]

000200202202222002	[ -2 -2  6 -2  2 -2 -6 -2 -2 ]
302120300122022100	[  0  0 -8  0 -4  0  4  0  0 ]

000200202202222002	[ -2 -2  6 -2  2 -2 -6 -2 -2 ]
313031112303211130	[  0  0 -8  0 -4  0  4  0  0 ]

000200202202222002	[ -2 -2  6 -2  2 -2 -6 -2 -2 ]
321230002120212000	[  0  0 -8  0 -4  0  4  0  0 ]

000200202202222002	[ -2 -2  6 -2  2 -2 -6 -2 -2 ]
331330112130312110	[  0  0 -8  0 -4  0  4  0  0 ]

000020020220222022	[ -2 -2  6 -2  2 -2 -6 -2 -2 ]
302120300122022100	[  0  0 -8  0 -4  0  4  0  0 ]

000020020220222022	[ -2 -2  6 -2  2 -2 -6 -2 -2 ]
313031112303211130	[  0  0 -8  0 -4  0  4  0  0 ]

000020020220222022	[ -2 -2  6 -2  2 -2 -6 -2 -2 ]
321230002120212000	[  0  0 -8  0 -4  0  4  0  0 ]

000020020220222022	[ -2 -2  6 -2  2 -2 -6 -2 -2 ]
331330112130312110	[  0  0 -8  0 -4  0  4  0  0 ]

130221232132001030	[ -2 -2  6 -2  2 -2 -6 -2 -2 ]
302120300122022100	[  0  0 -8  0 -4  0  4  0  0 ]

130221232132001030	[ -2 -2  6 -2  2 -2 -6 -2 -2 ]
313031112303211130	[  0  0 -8  0 -4  0  4  0  0 ]

130221232132001030	[ -2 -2  6 -2  2 -2 -6 -2 -2 ]
321230002120212000	[  0  0 -8  0 -4  0  4  0  0 ]

130221232132001030	[ -2 -2  6 -2  2 -2 -6 -2 -2 ]
331330112130312110	[  0  0 -8  0 -4  0  4  0  0 ]

130103002132123220	[ -2 -2  6 -2  2 -2 -6 -2 -2 ]
302120300122022100	[  0  0 -8  0 -4  0  4  0  0 ]

130103002132123220	[ -2 -2  6 -2  2 -2 -6 -2 -2 ]
313031112303211130	[  0  0 -8  0 -4  0  4  0  0 ]

130103002132123220	[ -2 -2  6 -2  2 -2 -6 -2 -2 ]
321230002120212000	[  0  0 -8  0 -4  0  4  0  0 ]

130103002132123220	[ -2 -2  6 -2  2 -2 -6 -2 -2 ]
331330112130312110	[  0  0 -8  0 -4  0  4  0  0 ]

102102330332012012	[ -2 -2  6  0 -2 -2 -2 -4 -2 ]
301030212200022120	[  0  0 -8 -2  0  0  0  2  0 ]

102102330332012012	[ -2 -2  6  0 -2 -2 -2 -4 -2 ]
331113303121012130	[  0  0 -8 -2  0  0  0  2  0 ]

102102330332012012	[ -2 -2  6  0 -2 -2 -2 -4 -2 ]
311130302210122030	[  0  0 -8 -2  0  0  0  2  0 ]

102102330332012012	[ -2 -2  6  0 -2 -2 -2 -4 -2 ]
331212000212133010	[  0  0 -8 -2  0  0  0  2  0 ]

102003002012321232	[ -2 -2  6  0 -2 -2 -2 -4 -2 ]
301030212200022120	[  0  0 -8 -2  0  0  0  2  0 ]

102003002012321232	[ -2 -2  6  0 -2 -2 -2 -4 -2 ]
331113303121012130	[  0  0 -8 -2  0  0  0  2  0 ]

102003002012321232	[ -2 -2  6  0 -2 -2 -2 -4 -2 ]
311130302210122030	[  0  0 -8 -2  0  0  0  2  0 ]

102003002012321232	[ -2 -2  6  0 -2 -2 -2 -4 -2 ]
331212000212133010	[  0  0 -8 -2  0  0  0  2  0 ]

100203212321230200	[ -2 -2  6  0 -2 -2 -2 -4 -2 ]
301030212200022120	[  0  0 -8 -2  0  0  0  2  0 ]

100203212321230200	[ -2 -2  6  0 -2 -2 -2 -4 -2 ]
331113303121012130	[  0  0 -8 -2  0  0  0  2  0 ]

100203212321230200	[ -2 -2  6  0 -2 -2 -2 -4 -2 ]
311130302210122030	[  0  0 -8 -2  0  0  0  2  0 ]

100203212321230200	[ -2 -2  6  0 -2 -2 -2 -4 -2 ]
331212000212133010	[  0  0 -8 -2  0  0  0  2  0 ]

101201203323302102	[ -2 -2  6  0 -2 -2 -2 -4 -2 ]
301030212200022120	[  0  0 -8 -2  0  0  0  2  0 ]

101201203323302102	[ -2 -2  6  0 -2 -2 -2 -4 -2 ]
331113303121012130	[  0  0 -8 -2  0  0  0  2  0 ]

101201203323302102	[ -2 -2  6  0 -2 -2 -2 -4 -2 ]
311130302210122030	[  0  0 -8 -2  0  0  0  2  0 ]

101201203323302102	[ -2 -2  6  0 -2 -2 -2 -4 -2 ]
331212000212133010	[  0  0 -8 -2  0  0  0  2  0 ]

103010320221220230	[ -2 -2  6  0 -2 -2 -2 -4 -2 ]
301030212200022120	[  0  0 -8 -2  0  0  0  2  0 ]

103010320221220230	[ -2 -2  6  0 -2 -2 -2 -4 -2 ]
331113303121012130	[  0  0 -8 -2  0  0  0  2  0 ]

103010320221220230	[ -2 -2  6  0 -2 -2 -2 -4 -2 ]
311130302210122030	[  0  0 -8 -2  0  0  0  2  0 ]

103010320221220230	[ -2 -2  6  0 -2 -2 -2 -4 -2 ]
331212000212133010	[  0  0 -8 -2  0  0  0  2  0 ]

103010301202232202	[ -2 -2  6  0 -2 -2 -2 -4 -2 ]
301030212200022120	[  0  0 -8 -2  0  0  0  2  0 ]

103010301202232202	[ -2 -2  6  0 -2 -2 -2 -4 -2 ]
331113303121012130	[  0  0 -8 -2  0  0  0  2  0 ]

103010301202232202	[ -2 -2  6  0 -2 -2 -2 -4 -2 ]
311130302210122030	[  0  0 -8 -2  0  0  0  2  0 ]

103010301202232202	[ -2 -2  6  0 -2 -2 -2 -4 -2 ]
331212000212133010	[  0  0 -8 -2  0  0  0  2  0 ]

110230230320320112	[ -2 -2  6  0 -2 -2 -2 -4 -2 ]
301030212200022120	[  0  0 -8 -2  0  0  0  2  0 ]

110230230320320112	[ -2 -2  6  0 -2 -2 -2 -4 -2 ]
331113303121012130	[  0  0 -8 -2  0  0  0  2  0 ]

110230230320320112	[ -2 -2  6  0 -2 -2 -2 -4 -2 ]
311130302210122030	[  0  0 -8 -2  0  0  0  2  0 ]

110230230320320112	[ -2 -2  6  0 -2 -2 -2 -4 -2 ]
331212000212133010	[  0  0 -8 -2  0  0  0  2  0 ]

110112032032302302	[ -2 -2  6  0 -2 -2 -2 -4 -2 ]
301030212200022120	[  0  0 -8 -2  0  0  0  2  0 ]

110112032032302302	[ -2 -2  6  0 -2 -2 -2 -4 -2 ]
331113303121012130	[  0  0 -8 -2  0  0  0  2  0 ]

110112032032302302	[ -2 -2  6  0 -2 -2 -2 -4 -2 ]
311130302210122030	[  0  0 -8 -2  0  0  0  2  0 ]

110112032032302302	[ -2 -2  6  0 -2 -2 -2 -4 -2 ]
331212000212133010	[  0  0 -8 -2  0  0  0  2  0 ]

102002333200201212	[ -2  0  6 -4 -2 -2 -2 -2 -2 ]
321230112030302110	[  0 -2 -8  2  0  0  0  0  0 ]

102002333200201212	[ -2  0  6 -4 -2 -2 -2 -2 -2 ]
331113021203111330	[  0 -2 -8  2  0  0  0  0  0 ]

102002333200201212	[ -2  0  6 -4 -2 -2 -2 -2 -2 ]
312000221220002130	[  0 -2 -8  2  0  0  0  0  0 ]

102002333200201212	[ -2  0  6 -4 -2 -2 -2 -2 -2 ]
312121300123032100	[  0 -2 -8  2  0  0  0  0  0 ]

101012022033302202	[ -2  0  6 -4 -2 -2 -2 -2 -2 ]
321230112030302110	[  0 -2 -8  2  0  0  0  0  0 ]

101012022033302202	[ -2  0  6 -4 -2 -2 -2 -2 -2 ]
331113021203111330	[  0 -2 -8  2  0  0  0  0  0 ]

101012022033302202	[ -2  0  6 -4 -2 -2 -2 -2 -2 ]
312000221220002130	[  0 -2 -8  2  0  0  0  0  0 ]

101012022033302202	[ -2  0  6 -4 -2 -2 -2 -2 -2 ]
312121300123032100	[  0 -2 -8  2  0  0  0  0  0 ]

132132000002312312	[ -2  0  6 -4 -2 -2 -2 -2 -2 ]
321230112030302110	[  0 -2 -8  2  0  0  0  0  0 ]

132132000002312312	[ -2  0  6 -4 -2 -2 -2 -2 -2 ]
331113021203111330	[  0 -2 -8  2  0  0  0  0  0 ]

132132000002312312	[ -2  0  6 -4 -2 -2 -2 -2 -2 ]
312000221220002130	[  0 -2 -8  2  0  0  0  0  0 ]

132132000002312312	[ -2  0  6 -4 -2 -2 -2 -2 -2 ]
312121300123032100	[  0 -2 -8  2  0  0  0  0  0 ]

132132312312000002	[ -2  0  6 -4 -2 -2 -2 -2 -2 ]
321230112030302110	[  0 -2 -8  2  0  0  0  0  0 ]

132132312312000002	[ -2  0  6 -4 -2 -2 -2 -2 -2 ]
331113021203111330	[  0 -2 -8  2  0  0  0  0  0 ]

132132312312000002	[ -2  0  6 -4 -2 -2 -2 -2 -2 ]
312000221220002130	[  0 -2 -8  2  0  0  0  0  0 ]

132132312312000002	[ -2  0  6 -4 -2 -2 -2 -2 -2 ]
312121300123032100	[  0 -2 -8  2  0  0  0  0  0 ]

130130222220310310	[ -2  0  6 -4 -2 -2 -2 -2 -2 ]
321230112030302110	[  0 -2 -8  2  0  0  0  0  0 ]

130130222220310310	[ -2  0  6 -4 -2 -2 -2 -2 -2 ]
331113021203111330	[  0 -2 -8  2  0  0  0  0  0 ]

130130222220310310	[ -2  0  6 -4 -2 -2 -2 -2 -2 ]
312000221220002130	[  0 -2 -8  2  0  0  0  0  0 ]

130130222220310310	[ -2  0  6 -4 -2 -2 -2 -2 -2 ]
312121300123032100	[  0 -2 -8  2  0  0  0  0  0 ]

130130310310222220	[ -2  0  6 -4 -2 -2 -2 -2 -2 ]
321230112030302110	[  0 -2 -8  2  0  0  0  0  0 ]

130130310310222220	[ -2  0  6 -4 -2 -2 -2 -2 -2 ]
331113021203111330	[  0 -2 -8  2  0  0  0  0  0 ]

130130310310222220	[ -2  0  6 -4 -2 -2 -2 -2 -2 ]
312000221220002130	[  0 -2 -8  2  0  0  0  0  0 ]

130130310310222220	[ -2  0  6 -4 -2 -2 -2 -2 -2 ]
312121300123032100	[  0 -2 -8  2  0  0  0  0  0 ]

111200203232302002	[ -2  0  6 -4 -2 -2 -2 -2 -2 ]
321230112030302110	[  0 -2 -8  2  0  0  0  0  0 ]

111200203232302002	[ -2  0  6 -4 -2 -2 -2 -2 -2 ]
331113021203111330	[  0 -2 -8  2  0  0  0  0  0 ]

111200203232302002	[ -2  0  6 -4 -2 -2 -2 -2 -2 ]
312000221220002130	[  0 -2 -8  2  0  0  0  0  0 ]

111200203232302002	[ -2  0  6 -4 -2 -2 -2 -2 -2 ]
312121300123032100	[  0 -2 -8  2  0  0  0  0  0 ]

111022023030320220	[ -2  0  6 -4 -2 -2 -2 -2 -2 ]
321230112030302110	[  0 -2 -8  2  0  0  0  0  0 ]

111022023030320220	[ -2  0  6 -4 -2 -2 -2 -2 -2 ]
331113021203111330	[  0 -2 -8  2  0  0  0  0  0 ]

111022023030320220	[ -2  0  6 -4 -2 -2 -2 -2 -2 ]
312000221220002130	[  0 -2 -8  2  0  0  0  0  0 ]

111022023030320220	[ -2  0  6 -4 -2 -2 -2 -2 -2 ]
312121300123032100	[  0 -2 -8  2  0  0  0  0  0 ]

000022020202002222	[ -2  2 -6 -6 -2  2  2  2 -2 ]
100200222022200200	[  0 -4  4  4  0 -4 -4 -4  0 ]

000022020202002222	[ -2  2 -6 -6 -2  2  2  2 -2 ]
011311333133311311	[  0 -4  4  4  0 -4 -4 -4  0 ]

000022020202002222	[ -2  2 -6 -6 -2  2  2  2 -2 ]
311322022311300100	[  0 -4  4  4  0 -4 -4 -4  0 ]

000022020202002222	[ -2  2 -6 -6 -2  2  2  2 -2 ]
331332002110112002	[  0 -4  4  4  0 -4 -4 -4  0 ]

101023230121203032	[ -2  2 -6 -6 -2  2  2  2 -2 ]
100200222022200200	[  0 -4  4  4  0 -4 -4 -4  0 ]

101023230121203032	[ -2  2 -6 -6 -2  2  2  2 -2 ]
011311333133311311	[  0 -4  4  4  0 -4 -4 -4  0 ]

101023230121203032	[ -2  2 -6 -6 -2  2  2  2 -2 ]
311322022311300100	[  0 -4  4  4  0 -4 -4 -4  0 ]

101023230121203032	[ -2  2 -6 -6 -2  2  2  2 -2 ]
331332002110112002	[  0 -4  4  4  0 -4 -4 -4  0 ]

000020202022220022	[ -2  2 -6  2  2  2 -2 -6 -2 ]
102202200000220220	[  0 -4  4 -4 -4 -4  0  4  0 ]

000020202022220022	[ -2  2 -6  2  2  2 -2 -6 -2 ]
013313311111331331	[  0 -4  4 -4 -4 -4  0  4  0 ]

000020202022220022	[ -2  2 -6  2  2  2 -2 -6 -2 ]
321112302301010320	[  0 -4  4 -4 -4 -4  0  4  0 ]

000020202022220022	[ -2  2 -6  2  2  2 -2 -6 -2 ]
312300032132101012	[  0 -4  4 -4 -4 -4  0  4  0 ]

130001320132221302	[ -2  2 -6  2  2  2 -2 -6 -2 ]
102202200000220220	[  0 -4  4 -4 -4 -4  0  4  0 ]

130001320132221302	[ -2  2 -6  2  2  2 -2 -6 -2 ]
013313311111331331	[  0 -4  4 -4 -4 -4  0  4  0 ]

130001320132221302	[ -2  2 -6  2  2  2 -2 -6 -2 ]
321112302301010320	[  0 -4  4 -4 -4 -4  0  4  0 ]

130001320132221302	[ -2  2 -6  2  2  2 -2 -6 -2 ]
312300032132101012	[  0 -4  4 -4 -4 -4  0  4  0 ]

100223200302021220	[ -2  2 -2 -6 -2 -2  2  2 -2 ]
311323032311301110	[  0 -4  0  4  0  0 -4 -4  0 ]

100223200302021220	[ -2  2 -2 -6 -2 -2  2  2 -2 ]
322002011102002230	[  0 -4  0  4  0  0 -4 -4  0 ]

100223200302021220	[ -2  2 -2 -6 -2 -2  2  2 -2 ]
321232002100012002	[  0 -4  0  4  0  0 -4 -4  0 ]

100223200302021220	[ -2  2 -2 -6 -2 -2  2  2 -2 ]
331131000131133212	[  0 -4  0  4  0  0 -4 -4  0 ]

100212200302232020	[ -2  2 -2 -6 -2 -2  2  2 -2 ]
311323032311301110	[  0 -4  0  4  0  0 -4 -4  0 ]

100212200302232020	[ -2  2 -2 -6 -2 -2  2  2 -2 ]
322002011102002230	[  0 -4  0  4  0  0 -4 -4  0 ]

100212200302232020	[ -2  2 -2 -6 -2 -2  2  2 -2 ]
321232002100012002	[  0 -4  0  4  0  0 -4 -4  0 ]

100212200302232020	[ -2  2 -2 -6 -2 -2  2  2 -2 ]
331131000131133212	[  0 -4  0  4  0  0 -4 -4  0 ]

130201222310003202	[ -2  2 -2 -6 -2 -2  2  2 -2 ]
311323032311301110	[  0 -4  0  4  0  0 -4 -4  0 ]

130201222310003202	[ -2  2 -2 -6 -2 -2  2  2 -2 ]
322002011102002230	[  0 -4  0  4  0  0 -4 -4  0 ]

130201222310003202	[ -2  2 -2 -6 -2 -2  2  2 -2 ]
321232002100012002	[  0 -4  0  4  0  0 -4 -4  0 ]

130201222310003202	[ -2  2 -2 -6 -2 -2  2  2 -2 ]
331131000131133212	[  0 -4  0  4  0  0 -4 -4  0 ]

130001202310203222	[ -2  2 -2 -6 -2 -2  2  2 -2 ]
311323032311301110	[  0 -4  0  4  0  0 -4 -4  0 ]

130001202310203222	[ -2  2 -2 -6 -2 -2  2  2 -2 ]
322002011102002230	[  0 -4  0  4  0  0 -4 -4  0 ]

130001202310203222	[ -2  2 -2 -6 -2 -2  2  2 -2 ]
321232002100012002	[  0 -4  0  4  0  0 -4 -4  0 ]

130001202310203222	[ -2  2 -2 -6 -2 -2  2  2 -2 ]
331131000131133212	[  0 -4  0  4  0  0 -4 -4  0 ]

130222202310200002	[ -2  2 -2  2  2 -2 -2 -6 -2 ]
320221000122023010	[  0 -4  0 -4 -4  0  0  4  0 ]

130222202310200002	[ -2  2 -2  2  2 -2 -2 -6 -2 ]
331113302311011320	[  0 -4  0 -4 -4  0  0  4  0 ]

130222202310200002	[ -2  2 -2  2  2 -2 -2 -6 -2 ]
331321012313301110	[  0 -4  0 -4 -4  0  0  4  0 ]

130222202310200002	[ -2  2 -2  2  2 -2 -2 -6 -2 ]
312200022132001002	[  0 -4  0 -4 -4  0  0  4  0 ]

130200002310222202	[ -2  2 -2  2  2 -2 -2 -6 -2 ]
320221000122023010	[  0 -4  0 -4 -4  0  0  4  0 ]

130200002310222202	[ -2  2 -2  2  2 -2 -2 -6 -2 ]
331113302311011320	[  0 -4  0 -4 -4  0  0  4  0 ]

130200002310222202	[ -2  2 -2  2  2 -2 -2 -6 -2 ]
331321012313301110	[  0 -4  0 -4 -4  0  0  4  0 ]

130200002310222202	[ -2  2 -2  2  2 -2 -2 -6 -2 ]
312200022132001002	[  0 -4  0 -4 -4  0  0  4  0 ]

111022002333020202	[ -2  2 -2  2  2 -2 -2 -6 -2 ]
320221000122023010	[  0 -4  0 -4 -4  0  0  4  0 ]

111022002333020202	[ -2  2 -2  2  2 -2 -2 -6 -2 ]
331113302311011320	[  0 -4  0 -4 -4  0  0  4  0 ]

111022002333020202	[ -2  2 -2  2  2 -2 -2 -6 -2 ]
331321012313301110	[  0 -4  0 -4 -4  0  0  4  0 ]

111022002333020202	[ -2  2 -2  2  2 -2 -2 -6 -2 ]
312200022132001002	[  0 -4  0 -4 -4  0  0  4  0 ]

111020202333022002	[ -2  2 -2  2  2 -2 -2 -6 -2 ]
320221000122023010	[  0 -4  0 -4 -4  0  0  4  0 ]

111020202333022002	[ -2  2 -2  2  2 -2 -2 -6 -2 ]
331113302311011320	[  0 -4  0 -4 -4  0  0  4  0 ]

111020202333022002	[ -2  2 -2  2  2 -2 -2 -6 -2 ]
331321012313301110	[  0 -4  0 -4 -4  0  0  4  0 ]

111020202333022002	[ -2  2 -2  2  2 -2 -2 -6 -2 ]
312200022132001002	[  0 -4  0 -4 -4  0  0  4  0 ]

000202002002022222	[ -2  2  2 -6 -2  2 -6  2 -2 ]
102220020002002220	[  0 -4 -4  4  0 -4  4 -4  0 ]

000202002002022222	[ -2  2  2 -6 -2  2 -6  2 -2 ]
013331131113113331	[  0 -4 -4  4  0 -4  4 -4  0 ]

000202002002022222	[ -2  2  2 -6 -2  2 -6  2 -2 ]
311132200310130022	[  0 -4 -4  4  0 -4  4 -4  0 ]

000202002002022222	[ -2  2  2 -6 -2  2 -6  2 -2 ]
331120102113320002	[  0 -4 -4  4  0 -4  4 -4  0 ]

000002022022020222	[ -2  2  2 -6 -2  2 -6  2 -2 ]
102220020002002220	[  0 -4 -4  4  0 -4  4 -4  0 ]

000002022022020222	[ -2  2  2 -6 -2  2 -6  2 -2 ]
013331131113113331	[  0 -4 -4  4  0 -4  4 -4  0 ]

000002022022020222	[ -2  2  2 -6 -2  2 -6  2 -2 ]
311132200310130022	[  0 -4 -4  4  0 -4  4 -4  0 ]

000002022022020222	[ -2  2  2 -6 -2  2 -6  2 -2 ]
331120102113320002	[  0 -4 -4  4  0 -4  4 -4  0 ]

133020100133202122	[ -2  2  2 -6 -2  2 -6  2 -2 ]
102220020002002220	[  0 -4 -4  4  0 -4  4 -4  0 ]

133020100133202122	[ -2  2  2 -6 -2  2 -6  2 -2 ]
013331131113113331	[  0 -4 -4  4  0 -4  4 -4  0 ]

133020100133202122	[ -2  2  2 -6 -2  2 -6  2 -2 ]
311132200310130022	[  0 -4 -4  4  0 -4  4 -4  0 ]

133020100133202122	[ -2  2  2 -6 -2  2 -6  2 -2 ]
331120102113320002	[  0 -4 -4  4  0 -4  4 -4  0 ]

113003020113223202	[ -2  2  2 -6 -2  2 -6  2 -2 ]
102220020002002220	[  0 -4 -4  4  0 -4  4 -4  0 ]

113003020113223202	[ -2  2  2 -6 -2  2 -6  2 -2 ]
013331131113113331	[  0 -4 -4  4  0 -4  4 -4  0 ]

113003020113223202	[ -2  2  2 -6 -2  2 -6  2 -2 ]
311132200310130022	[  0 -4 -4  4  0 -4  4 -4  0 ]

113003020113223202	[ -2  2  2 -6 -2  2 -6  2 -2 ]
331120102113320002	[  0 -4 -4  4  0 -4  4 -4  0 ]

000200200222220202	[ -2  2  2  2 -6  2 -2 -6 -2 ]
100222002020022200	[  0 -4 -4 -4  4 -4  0  4  0 ]

000200200222220202	[ -2  2  2  2 -6  2 -2 -6 -2 ]
011333113131133311	[  0 -4 -4 -4  4 -4  0  4  0 ]

000200200222220202	[ -2  2  2  2 -6  2 -2 -6 -2 ]
313012230101032210	[  0 -4 -4 -4  4 -4  0  4  0 ]

000200200222220202	[ -2  2  2  2 -6  2 -2 -6 -2 ]
332101012330120210	[  0 -4 -4 -4  4 -4  0  4  0 ]

000002020222022022	[ -2  2  2  2 -6  2 -2 -6 -2 ]
100222002020022200	[  0 -4 -4 -4  4 -4  0  4  0 ]

000002020222022022	[ -2  2  2  2 -6  2 -2 -6 -2 ]
011333113131133311	[  0 -4 -4 -4  4 -4  0  4  0 ]

000002020222022022	[ -2  2  2  2 -6  2 -2 -6 -2 ]
313012230101032210	[  0 -4 -4 -4  4 -4  0  4  0 ]

000002020222022022	[ -2  2  2  2 -6  2 -2 -6 -2 ]
332101012330120210	[  0 -4 -4 -4  4 -4  0  4  0 ]

130100023132122203	[ -2  2  2  2 -6  2 -2 -6 -2 ]
100222002020022200	[  0 -4 -4 -4  4 -4  0  4  0 ]

130100023132122203	[ -2  2  2  2 -6  2 -2 -6 -2 ]
011333113131133311	[  0 -4 -4 -4  4 -4  0  4  0 ]

130100023132122203	[ -2  2  2  2 -6  2 -2 -6 -2 ]
313012230101032210	[  0 -4 -4 -4  4 -4  0  4  0 ]

130100023132122203	[ -2  2  2  2 -6  2 -2 -6 -2 ]
332101012330120210	[  0 -4 -4 -4  4 -4  0  4  0 ]

131030002131232220	[ -2  2  2  2 -6  2 -2 -6 -2 ]
100222002020022200	[  0 -4 -4 -4  4 -4  0  4  0 ]

131030002131232220	[ -2  2  2  2 -6  2 -2 -6 -2 ]
011333113131133311	[  0 -4 -4 -4  4 -4  0  4  0 ]

131030002131232220	[ -2  2  2  2 -6  2 -2 -6 -2 ]
313012230101032210	[  0 -4 -4 -4  4 -4  0  4  0 ]

131030002131232220	[ -2  2  2  2 -6  2 -2 -6 -2 ]
332101012330120210	[  0 -4 -4 -4  4 -4  0  4  0 ]

132323022200100210	[  0  0 -2  2 -2  0  0 -2-10 ]
311013212300103202	[ -2 -2  0 -4  0 -2 -2  0  8 ]

132323022200100210	[  0  0 -2  2 -2  0  0 -2-10 ]
313210112303201002	[ -2 -2  0 -4  0 -2 -2  0  8 ]

132302232200021010	[  0  0 -2  2 -2  0  0 -2-10 ]
311013212300103202	[ -2 -2  0 -4  0 -2 -2  0  8 ]

132302232200021010	[  0  0 -2  2 -2  0  0 -2-10 ]
313210112303201002	[ -2 -2  0 -4  0 -2 -2  0  8 ]

130320030022201212	[  0  0 -2  2 -2  0  0 -2-10 ]
311013212300103202	[ -2 -2  0 -4  0 -2 -2  0  8 ]

130320030022201212	[  0  0 -2  2 -2  0  0 -2-10 ]
313210112303201002	[ -2 -2  0 -4  0 -2 -2  0  8 ]

130303200022122012	[  0  0 -2  2 -2  0  0 -2-10 ]
311013212300103202	[ -2 -2  0 -4  0 -2 -2  0  8 ]

130303200022122012	[  0  0 -2  2 -2  0  0 -2-10 ]
313210112303201002	[ -2 -2  0 -4  0 -2 -2  0  8 ]

112303010331020222	[  0  0 -2  2 -2  0  0 -2-10 ]
311013212300103202	[ -2 -2  0 -4  0 -2 -2  0  8 ]

112303010331020222	[  0  0 -2  2 -2  0  0 -2-10 ]
313210112303201002	[ -2 -2  0 -4  0 -2 -2  0  8 ]

110323212331202000	[  0  0 -2  2 -2  0  0 -2-10 ]
311013212300103202	[ -2 -2  0 -4  0 -2 -2  0  8 ]

110323212331202000	[  0  0 -2  2 -2  0  0 -2-10 ]
313210112303201002	[ -2 -2  0 -4  0 -2 -2  0  8 ]

113202000330121232	[  0  0 -2  2 -2  0  0 -2-10 ]
311013212300103202	[ -2 -2  0 -4  0 -2 -2  0  8 ]

113202000330121232	[  0  0 -2  2 -2  0  0 -2-10 ]
313210112303201002	[ -2 -2  0 -4  0 -2 -2  0  8 ]

113020222332101030	[  0  0 -2  2 -2  0  0 -2-10 ]
311013212300103202	[ -2 -2  0 -4  0 -2 -2  0  8 ]

113020222332101030	[  0  0 -2  2 -2  0  0 -2-10 ]
313210112303201002	[ -2 -2  0 -4  0 -2 -2  0  8 ]

131322201203000022	[  0  2 -2 -2  0  0 -2  0-10 ]
313012211303102200	[ -2 -4  0  0 -2 -2  0 -2  8 ]

131322201203000022	[  0  2 -2 -2  0  0 -2  0-10 ]
331120210330021201	[ -2 -4  0  0 -2 -2  0 -2  8 ]

131322000010230222	[  0  2 -2 -2  0  0 -2  0-10 ]
313012211303102200	[ -2 -4  0  0 -2 -2  0 -2  8 ]

131322000010230222	[  0  2 -2 -2  0  0 -2  0-10 ]
331120210330021201	[ -2 -4  0  0 -2 -2  0 -2  8 ]

131300222212032000	[  0  2 -2 -2  0  0 -2  0-10 ]
313012211303102200	[ -2 -4  0  0 -2 -2  0 -2  8 ]

131300222212032000	[  0  2 -2 -2  0  0 -2  0-10 ]
331120210330021201	[ -2 -4  0  0 -2 -2  0 -2  8 ]

131300021023222200	[  0  2 -2 -2  0  0 -2  0-10 ]
313012211303102200	[ -2 -4  0  0 -2 -2  0 -2  8 ]

131300021023222200	[  0  2 -2 -2  0  0 -2  0-10 ]
331120210330021201	[ -2 -4  0  0 -2 -2  0 -2  8 ]

110200101232023332	[  0  2 -2 -2  0  0 -2  0-10 ]
313012211303102200	[ -2 -4  0  0 -2 -2  0 -2  8 ]

110200101232023332	[  0  2 -2 -2  0  0 -2  0-10 ]
331120210330021201	[ -2 -4  0  0 -2 -2  0 -2  8 ]

110333020301212202	[  0  2 -2 -2  0  0 -2  0-10 ]
313012211303102200	[ -2 -4  0  0 -2 -2  0 -2  8 ]

110333020301212202	[  0  2 -2 -2  0  0 -2  0-10 ]
331120210330021201	[ -2 -4  0  0 -2 -2  0 -2  8 ]

111233020030321202	[  0  2 -2 -2  0  0 -2  0-10 ]
313012211303102200	[ -2 -4  0  0 -2 -2  0 -2  8 ]

111233020030321202	[  0  2 -2 -2  0  0 -2  0-10 ]
331120210330021201	[ -2 -4  0  0 -2 -2  0 -2  8 ]

111033202232301020	[  0  2 -2 -2  0  0 -2  0-10 ]
313012211303102200	[ -2 -4  0  0 -2 -2  0 -2  8 ]

111033202232301020	[  0  2 -2 -2  0  0 -2  0-10 ]
331120210330021201	[ -2 -4  0  0 -2 -2  0 -2  8 ]

000200220222000222	[  2 -6 -6  2 -2  2 -2  2 -2 ]
120220200000202202	[ -4  4  4 -4  0 -4  0 -4  0 ]

000200220222000222	[  2 -6 -6  2 -2  2 -2  2 -2 ]
031331311111313313	[ -4  4  4 -4  0 -4  0 -4  0 ]

000200220222000222	[  2 -6 -6  2 -2  2 -2  2 -2 ]
312011102132030302	[ -4  4  4 -4  0 -4  0 -4  0 ]

000200220222000222	[  2 -6 -6  2 -2  2 -2  2 -2 ]
312121320310001302	[ -4  4  4 -4  0 -4  0 -4  0 ]

113302220113320002	[  2 -6 -6  2 -2  2 -2  2 -2 ]
120220200000202202	[ -4  4  4 -4  0 -4  0 -4  0 ]

113302220113320002	[  2 -6 -6  2 -2  2 -2  2 -2 ]
031331311111313313	[ -4  4  4 -4  0 -4  0 -4  0 ]

113302220113320002	[  2 -6 -6  2 -2  2 -2  2 -2 ]
312011102132030302	[ -4  4  4 -4  0 -4  0 -4  0 ]

113302220113320002	[  2 -6 -6  2 -2  2 -2  2 -2 ]
312121320310001302	[ -4  4  4 -4  0 -4  0 -4  0 ]

100022230320022012	[  2 -6 -2  2 -2 -2 -2  2 -2 ]
313203111113023130	[ -4  4  0 -4  0  0  0 -4  0 ]

100022230320022012	[  2 -6 -2  2 -2 -2 -2  2 -2 ]
303022020111020220	[ -4  4  0 -4  0  0  0 -4  0 ]

100022230320022012	[  2 -6 -2  2 -2 -2 -2  2 -2 ]
331310001313312121	[ -4  4  0 -4  0  0  0 -4  0 ]

100022230320022012	[  2 -6 -2  2 -2 -2 -2  2 -2 ]
312000002132021202	[ -4  4  0 -4  0  0  0 -4  0 ]

101200220323000222	[  2 -6 -2  2 -2 -2 -2  2 -2 ]
313203111113023130	[ -4  4  0 -4  0  0  0 -4  0 ]

101200220323000222	[  2 -6 -2  2 -2 -2 -2  2 -2 ]
303022020111020220	[ -4  4  0 -4  0  0  0 -4  0 ]

101200220323000222	[  2 -6 -2  2 -2 -2 -2  2 -2 ]
331310001313312121	[ -4  4  0 -4  0  0  0 -4  0 ]

101200220323000222	[  2 -6 -2  2 -2 -2 -2  2 -2 ]
312000002132021202	[ -4  4  0 -4  0  0  0 -4  0 ]

103002212321002230	[  2 -6 -2  2 -2 -2 -2  2 -2 ]
313203111113023130	[ -4  4  0 -4  0  0  0 -4  0 ]

103002212321002230	[  2 -6 -2  2 -2 -2 -2  2 -2 ]
303022020111020220	[ -4  4  0 -4  0  0  0 -4  0 ]

103002212321002230	[  2 -6 -2  2 -2 -2 -2  2 -2 ]
331310001313312121	[ -4  4  0 -4  0  0  0 -4  0 ]

103002212321002230	[  2 -6 -2  2 -2 -2 -2  2 -2 ]
312000002132021202	[ -4  4  0 -4  0  0  0 -4  0 ]

103010022321230022	[  2 -6 -2  2 -2 -2 -2  2 -2 ]
313203111113023130	[ -4  4  0 -4  0  0  0 -4  0 ]

103010022321230022	[  2 -6 -2  2 -2 -2 -2  2 -2 ]
303022020111020220	[ -4  4  0 -4  0  0  0 -4  0 ]

103010022321230022	[  2 -6 -2  2 -2 -2 -2  2 -2 ]
331310001313312121	[ -4  4  0 -4  0  0  0 -4  0 ]

103010022321230022	[  2 -6 -2  2 -2 -2 -2  2 -2 ]
312000002132021202	[ -4  4  0 -4  0  0  0 -4  0 ]

100012303212123032	[  2 -4 -2 -4  2  0 -2  0 -2 ]
312121310023032001	[ -4  2  0  2 -4 -2  0 -2  0 ]

100012303212123032	[  2 -4 -2 -4  2  0 -2  0 -2 ]
311020303020113212	[ -4  2  0  2 -4 -2  0 -2  0 ]

100012303212123032	[  2 -4 -2 -4  2  0 -2  0 -2 ]
313031301022122010	[ -4  2  0  2 -4 -2  0 -2  0 ]

100012303212123032	[  2 -4 -2 -4  2  0 -2  0 -2 ]
331012021202101330	[ -4  2  0  2 -4 -2  0 -2  0 ]

103030121032223012	[  2 -4 -2 -4  2  0 -2  0 -2 ]
312121310023032001	[ -4  2  0  2 -4 -2  0 -2  0 ]

103030121032223012	[  2 -4 -2 -4  2  0 -2  0 -2 ]
311020303020113212	[ -4  2  0  2 -4 -2  0 -2  0 ]

103030121032223012	[  2 -4 -2 -4  2  0 -2  0 -2 ]
313031301022122010	[ -4  2  0  2 -4 -2  0 -2  0 ]

103030121032223012	[  2 -4 -2 -4  2  0 -2  0 -2 ]
331012021202101330	[ -4  2  0  2 -4 -2  0 -2  0 ]

101230003210123232	[  2 -4 -2 -4  2  0 -2  0 -2 ]
312121310023032001	[ -4  2  0  2 -4 -2  0 -2  0 ]

101230003210123232	[  2 -4 -2 -4  2  0 -2  0 -2 ]
311020303020113212	[ -4  2  0  2 -4 -2  0 -2  0 ]

101230003210123232	[  2 -4 -2 -4  2  0 -2  0 -2 ]
313031301022122010	[ -4  2  0  2 -4 -2  0 -2  0 ]

101230003210123232	[  2 -4 -2 -4  2  0 -2  0 -2 ]
331012021202101330	[ -4  2  0  2 -4 -2  0 -2  0 ]

101032301222103230	[  2 -4 -2 -4  2  0 -2  0 -2 ]
312121310023032001	[ -4  2  0  2 -4 -2  0 -2  0 ]

101032301222103230	[  2 -4 -2 -4  2  0 -2  0 -2 ]
311020303020113212	[ -4  2  0  2 -4 -2  0 -2  0 ]

101032301222103230	[  2 -4 -2 -4  2  0 -2  0 -2 ]
313031301022122010	[ -4  2  0  2 -4 -2  0 -2  0 ]

101032301222103230	[  2 -4 -2 -4  2  0 -2  0 -2 ]
331012021202101330	[ -4  2  0  2 -4 -2  0 -2  0 ]

133121331220000022	[  2 -4 -2 -4  2  0 -2  0 -2 ]
312121310023032001	[ -4  2  0  2 -4 -2  0 -2  0 ]

133121331220000022	[  2 -4 -2 -4  2  0 -2  0 -2 ]
311020303020113212	[ -4  2  0  2 -4 -2  0 -2  0 ]

133121331220000022	[  2 -4 -2 -4  2  0 -2  0 -2 ]
313031301022122010	[ -4  2  0  2 -4 -2  0 -2  0 ]

133121331220000022	[  2 -4 -2 -4  2  0 -2  0 -2 ]
331012021202101330	[ -4  2  0  2 -4 -2  0 -2  0 ]

133101331002222200	[  2 -4 -2 -4  2  0 -2  0 -2 ]
312121310023032001	[ -4  2  0  2 -4 -2  0 -2  0 ]

133101331002222200	[  2 -4 -2 -4  2  0 -2  0 -2 ]
311020303020113212	[ -4  2  0  2 -4 -2  0 -2  0 ]

133101331002222200	[  2 -4 -2 -4  2  0 -2  0 -2 ]
313031301022122010	[ -4  2  0  2 -4 -2  0 -2  0 ]

133101331002222200	[  2 -4 -2 -4  2  0 -2  0 -2 ]
331012021202101330	[ -4  2  0  2 -4 -2  0 -2  0 ]

113231132200000223	[  2 -4 -2 -4  2  0 -2  0 -2 ]
312121310023032001	[ -4  2  0  2 -4 -2  0 -2  0 ]

113231132200000223	[  2 -4 -2 -4  2  0 -2  0 -2 ]
311020303020113212	[ -4  2  0  2 -4 -2  0 -2  0 ]

113231132200000223	[  2 -4 -2 -4  2  0 -2  0 -2 ]
313031301022122010	[ -4  2  0  2 -4 -2  0 -2  0 ]

113231132200000223	[  2 -4 -2 -4  2  0 -2  0 -2 ]
331012021202101330	[ -4  2  0  2 -4 -2  0 -2  0 ]

113031130022222003	[  2 -4 -2 -4  2  0 -2  0 -2 ]
312121310023032001	[ -4  2  0  2 -4 -2  0 -2  0 ]

113031130022222003	[  2 -4 -2 -4  2  0 -2  0 -2 ]
311020303020113212	[ -4  2  0  2 -4 -2  0 -2  0 ]

113031130022222003	[  2 -4 -2 -4  2  0 -2  0 -2 ]
313031301022122010	[ -4  2  0  2 -4 -2  0 -2  0 ]

113031130022222003	[  2 -4 -2 -4  2  0 -2  0 -2 ]
331012021202101330	[ -4  2  0  2 -4 -2  0 -2  0 ]

123032122000200022	[  2 -4 -2 -2 -2  0  2 -2 -2 ]
320002302021112020	[ -4  2  0  0  0 -2 -4  0  0 ]

123032122000200022	[  2 -4 -2 -2 -2  0  2 -2 -2 ]
313123111321313000	[ -4  2  0  0  0 -2 -4  0  0 ]

123032122000200022	[  2 -4 -2 -2 -2  0  2 -2 -2 ]
311131202300032021	[ -4  2  0  0  0 -2 -4  0  0 ]

123032122000200022	[  2 -4 -2 -2 -2  0  2 -2 -2 ]
313211123130200020	[ -4  2  0  0  0 -2 -4  0  0 ]

103230100222022200	[  2 -4 -2 -2 -2  0  2 -2 -2 ]
320002302021112020	[ -4  2  0  0  0 -2 -4  0  0 ]

103230100222022200	[  2 -4 -2 -2 -2  0  2 -2 -2 ]
313123111321313000	[ -4  2  0  0  0 -2 -4  0  0 ]

103230100222022200	[  2 -4 -2 -2 -2  0  2 -2 -2 ]
311131202300032021	[ -4  2  0  0  0 -2 -4  0  0 ]

103230100222022200	[  2 -4 -2 -2 -2  0  2 -2 -2 ]
313211123130200020	[ -4  2  0  0  0 -2 -4  0  0 ]

103002220222003012	[  2 -4 -2 -2 -2  0  2 -2 -2 ]
320002302021112020	[ -4  2  0  0  0 -2 -4  0  0 ]

103002220222003012	[  2 -4 -2 -2 -2  0  2 -2 -2 ]
313123111321313000	[ -4  2  0  0  0 -2 -4  0  0 ]

103002220222003012	[  2 -4 -2 -2 -2  0  2 -2 -2 ]
311131202300032021	[ -4  2  0  0  0 -2 -4  0  0 ]

103002220222003012	[  2 -4 -2 -2 -2  0  2 -2 -2 ]
313211123130200020	[ -4  2  0  0  0 -2 -4  0  0 ]

101232200020002232	[  2 -4 -2 -2 -2  0  2 -2 -2 ]
320002302021112020	[ -4  2  0  0  0 -2 -4  0  0 ]

101232200020002232	[  2 -4 -2 -2 -2  0  2 -2 -2 ]
313123111321313000	[ -4  2  0  0  0 -2 -4  0  0 ]

101232200020002232	[  2 -4 -2 -2 -2  0  2 -2 -2 ]
311131202300032021	[ -4  2  0  0  0 -2 -4  0  0 ]

101232200020002232	[  2 -4 -2 -2 -2  0  2 -2 -2 ]
313211123130200020	[ -4  2  0  0  0 -2 -4  0  0 ]

133221012233100200	[  2 -4 -2 -2 -2  0  2 -2 -2 ]
320002302021112020	[ -4  2  0  0  0 -2 -4  0  0 ]

133221012233100200	[  2 -4 -2 -2 -2  0  2 -2 -2 ]
313123111321313000	[ -4  2  0  0  0 -2 -4  0  0 ]

133221012233100200	[  2 -4 -2 -2 -2  0  2 -2 -2 ]
311131202300032021	[ -4  2  0  0  0 -2 -4  0  0 ]

133221012233100200	[  2 -4 -2 -2 -2  0  2 -2 -2 ]
313211123130200020	[ -4  2  0  0  0 -2 -4  0  0 ]

133001210033122022	[  2 -4 -2 -2 -2  0  2 -2 -2 ]
320002302021112020	[ -4  2  0  0  0 -2 -4  0  0 ]

133001210033122022	[  2 -4 -2 -2 -2  0  2 -2 -2 ]
313123111321313000	[ -4  2  0  0  0 -2 -4  0  0 ]

133001210033122022	[  2 -4 -2 -2 -2  0  2 -2 -2 ]
311131202300032021	[ -4  2  0  0  0 -2 -4  0  0 ]

133001210033122022	[  2 -4 -2 -2 -2  0  2 -2 -2 ]
313211123130200020	[ -4  2  0  0  0 -2 -4  0  0 ]

113220223110032300	[  2 -4 -2 -2 -2  0  2 -2 -2 ]
320002302021112020	[ -4  2  0  0  0 -2 -4  0  0 ]

113220223110032300	[  2 -4 -2 -2 -2  0  2 -2 -2 ]
313123111321313000	[ -4  2  0  0  0 -2 -4  0  0 ]

113220223110032300	[  2 -4 -2 -2 -2  0  2 -2 -2 ]
311131202300032021	[ -4  2  0  0  0 -2 -4  0  0 ]

113220223110032300	[  2 -4 -2 -2 -2  0  2 -2 -2 ]
313211123130200020	[ -4  2  0  0  0 -2 -4  0  0 ]

113002003112230322	[  2 -4 -2 -2 -2  0  2 -2 -2 ]
320002302021112020	[ -4  2  0  0  0 -2 -4  0  0 ]

113002003112230322	[  2 -4 -2 -2 -2  0  2 -2 -2 ]
313123111321313000	[ -4  2  0  0  0 -2 -4  0  0 ]

113002003112230322	[  2 -4 -2 -2 -2  0  2 -2 -2 ]
311131202300032021	[ -4  2  0  0  0 -2 -4  0  0 ]

113002003112230322	[  2 -4 -2 -2 -2  0  2 -2 -2 ]
313211123130200020	[ -4  2  0  0  0 -2 -4  0  0 ]

123022203212000002	[  2 -2 -2 -2  2  0 -2 -4 -2 ]
331102131312011330	[ -4  0  0  0 -4 -2  0  2  0 ]

123022203212000002	[  2 -2 -2 -2  2  0 -2 -4 -2 ]
310022122001302020	[ -4  0  0  0 -4 -2  0  2  0 ]

123022203212000002	[  2 -2 -2 -2  2  0 -2 -4 -2 ]
312121301032023010	[ -4  0  0  0 -4 -2  0  2  0 ]

123022203212000002	[  2 -2 -2 -2  2  0 -2 -4 -2 ]
313210120303021012	[ -4  0  0  0 -4 -2  0  2  0 ]

102220123200000232	[  2 -2 -2 -2  2  0 -2 -4 -2 ]
331102131312011330	[ -4  0  0  0 -4 -2  0  2  0 ]

102220123200000232	[  2 -2 -2 -2  2  0 -2 -4 -2 ]
310022122001302020	[ -4  0  0  0 -4 -2  0  2  0 ]

102220123200000232	[  2 -2 -2 -2  2  0 -2 -4 -2 ]
312121301032023010	[ -4  0  0  0 -4 -2  0  2  0 ]

102220123200000232	[  2 -2 -2 -2  2  0 -2 -4 -2 ]
313210120303021012	[ -4  0  0  0 -4 -2  0  2  0 ]

103200023010222220	[  2 -2 -2 -2  2  0 -2 -4 -2 ]
331102131312011330	[ -4  0  0  0 -4 -2  0  2  0 ]

103200023010222220	[  2 -2 -2 -2  2  0 -2 -4 -2 ]
310022122001302020	[ -4  0  0  0 -4 -2  0  2  0 ]

103200023010222220	[  2 -2 -2 -2  2  0 -2 -4 -2 ]
312121301032023010	[ -4  0  0  0 -4 -2  0  2  0 ]

103200023010222220	[  2 -2 -2 -2  2  0 -2 -4 -2 ]
313210120303021012	[ -4  0  0  0 -4 -2  0  2  0 ]

103022222030120002	[  2 -2 -2 -2  2  0 -2 -4 -2 ]
331102131312011330	[ -4  0  0  0 -4 -2  0  2  0 ]

103022222030120002	[  2 -2 -2 -2  2  0 -2 -4 -2 ]
310022122001302020	[ -4  0  0  0 -4 -2  0  2  0 ]

103022222030120002	[  2 -2 -2 -2  2  0 -2 -4 -2 ]
312121301032023010	[ -4  0  0  0 -4 -2  0  2  0 ]

103022222030120002	[  2 -2 -2 -2  2  0 -2 -4 -2 ]
313210120303021012	[ -4  0  0  0 -4 -2  0  2  0 ]

133201222102331000	[  2 -2 -2 -2  2  0 -2 -4 -2 ]
331102131312011330	[ -4  0  0  0 -4 -2  0  2  0 ]

133201222102331000	[  2 -2 -2 -2  2  0 -2 -4 -2 ]
310022122001302020	[ -4  0  0  0 -4 -2  0  2  0 ]

133201222102331000	[  2 -2 -2 -2  2  0 -2 -4 -2 ]
312121301032023010	[ -4  0  0  0 -4 -2  0  2  0 ]

133201222102331000	[  2 -2 -2 -2  2  0 -2 -4 -2 ]
313210120303021012	[ -4  0  0  0 -4 -2  0  2  0 ]

133021000120331222	[  2 -2 -2 -2  2  0 -2 -4 -2 ]
331102131312011330	[ -4  0  0  0 -4 -2  0  2  0 ]

133021000120331222	[  2 -2 -2 -2  2  0 -2 -4 -2 ]
310022122001302020	[ -4  0  0  0 -4 -2  0  2  0 ]

133021000120331222	[  2 -2 -2 -2  2  0 -2 -4 -2 ]
312121301032023010	[ -4  0  0  0 -4 -2  0  2  0 ]

133021000120331222	[  2 -2 -2 -2  2  0 -2 -4 -2 ]
313210120303021012	[ -4  0  0  0 -4 -2  0  2  0 ]

113222311023000320	[  2 -2 -2 -2  2  0 -2 -4 -2 ]
331102131312011330	[ -4  0  0  0 -4 -2  0  2  0 ]

113222311023000320	[  2 -2 -2 -2  2  0 -2 -4 -2 ]
310022122001302020	[ -4  0  0  0 -4 -2  0  2  0 ]

113222311023000320	[  2 -2 -2 -2  2  0 -2 -4 -2 ]
312121301032023010	[ -4  0  0  0 -4 -2  0  2  0 ]

113222311023000320	[  2 -2 -2 -2  2  0 -2 -4 -2 ]
313210120303021012	[ -4  0  0  0 -4 -2  0  2  0 ]

113000311203222302	[  2 -2 -2 -2  2  0 -2 -4 -2 ]
331102131312011330	[ -4  0  0  0 -4 -2  0  2  0 ]

113000311203222302	[  2 -2 -2 -2  2  0 -2 -4 -2 ]
310022122001302020	[ -4  0  0  0 -4 -2  0  2  0 ]

113000311203222302	[  2 -2 -2 -2  2  0 -2 -4 -2 ]
312121301032023010	[ -4  0  0  0 -4 -2  0  2  0 ]

113000311203222302	[  2 -2 -2 -2  2  0 -2 -4 -2 ]
313210120303021012	[ -4  0  0  0 -4 -2  0  2  0 ]

000020022222002022	[  2 -2  2 -6 -2  2 -2 -2 -2 ]
311132130310130312	[ -4  0 -4  4  0 -4  0  0  0 ]

000020022222002022	[  2 -2  2 -6 -2  2 -2 -2 -2 ]
320002302120102120	[ -4  0 -4  4  0 -4  0  0  0 ]

000020022222002022	[  2 -2  2 -6 -2  2 -2 -2 -2 ]
331013302131113120	[ -4  0 -4  4  0 -4  0  0  0 ]

000020022222002022	[  2 -2  2 -6 -2  2 -2 -2 -2 ]
312201022130200020	[ -4  0 -4  4  0 -4  0  0  0 ]

000020020220022222	[  2 -2  2 -6 -2  2 -2 -2 -2 ]
311132130310130312	[ -4  0 -4  4  0 -4  0  0  0 ]

000020020220022222	[  2 -2  2 -6 -2  2 -2 -2 -2 ]
320002302120102120	[ -4  0 -4  4  0 -4  0  0  0 ]

000020020220022222	[  2 -2  2 -6 -2  2 -2 -2 -2 ]
331013302131113120	[ -4  0 -4  4  0 -4  0  0  0 ]

000020020220022222	[  2 -2  2 -6 -2  2 -2 -2 -2 ]
312201022130200020	[ -4  0 -4  4  0 -4  0  0  0 ]

000002202002222022	[  2 -2  2 -6 -2  2 -2 -2 -2 ]
311132130310130312	[ -4  0 -4  4  0 -4  0  0  0 ]

000002202002222022	[  2 -2  2 -6 -2  2 -2 -2 -2 ]
320002302120102120	[ -4  0 -4  4  0 -4  0  0  0 ]

000002202002222022	[  2 -2  2 -6 -2  2 -2 -2 -2 ]
331013302131113120	[ -4  0 -4  4  0 -4  0  0  0 ]

000002202002222022	[  2 -2  2 -6 -2  2 -2 -2 -2 ]
312201022130200020	[ -4  0 -4  4  0 -4  0  0  0 ]

000002200202202222	[  2 -2  2 -6 -2  2 -2 -2 -2 ]
311132130310130312	[ -4  0 -4  4  0 -4  0  0  0 ]

000002200202202222	[  2 -2  2 -6 -2  2 -2 -2 -2 ]
320002302120102120	[ -4  0 -4  4  0 -4  0  0  0 ]

000002200202202222	[  2 -2  2 -6 -2  2 -2 -2 -2 ]
331013302131113120	[ -4  0 -4  4  0 -4  0  0  0 ]

000002200202202222	[  2 -2  2 -6 -2  2 -2 -2 -2 ]
312201022130200020	[ -4  0 -4  4  0 -4  0  0  0 ]

133002122133220100	[  2 -2  2 -6 -2  2 -2 -2 -2 ]
311132130310130312	[ -4  0 -4  4  0 -4  0  0  0 ]

133002122133220100	[  2 -2  2 -6 -2  2 -2 -2 -2 ]
320002302120102120	[ -4  0 -4  4  0 -4  0  0  0 ]

133002122133220100	[  2 -2  2 -6 -2  2 -2 -2 -2 ]
331013302131113120	[ -4  0 -4  4  0 -4  0  0  0 ]

133002122133220100	[  2 -2  2 -6 -2  2 -2 -2 -2 ]
312201022130200020	[ -4  0 -4  4  0 -4  0  0  0 ]

133000120133222102	[  2 -2  2 -6 -2  2 -2 -2 -2 ]
311132130310130312	[ -4  0 -4  4  0 -4  0  0  0 ]

133000120133222102	[  2 -2  2 -6 -2  2 -2 -2 -2 ]
320002302120102120	[ -4  0 -4  4  0 -4  0  0  0 ]

133000120133222102	[  2 -2  2 -6 -2  2 -2 -2 -2 ]
331013302131113120	[ -4  0 -4  4  0 -4  0  0  0 ]

133000120133222102	[  2 -2  2 -6 -2  2 -2 -2 -2 ]
312201022130200020	[ -4  0 -4  4  0 -4  0  0  0 ]

113023000113203222	[  2 -2  2 -6 -2  2 -2 -2 -2 ]
311132130310130312	[ -4  0 -4  4  0 -4  0  0  0 ]

113023000113203222	[  2 -2  2 -6 -2  2 -2 -2 -2 ]
320002302120102120	[ -4  0 -4  4  0 -4  0  0  0 ]

113023000113203222	[  2 -2  2 -6 -2  2 -2 -2 -2 ]
331013302131113120	[ -4  0 -4  4  0 -4  0  0  0 ]

113023000113203222	[  2 -2  2 -6 -2  2 -2 -2 -2 ]
312201022130200020	[ -4  0 -4  4  0 -4  0  0  0 ]

113003022113223200	[  2 -2  2 -6 -2  2 -2 -2 -2 ]
311132130310130312	[ -4  0 -4  4  0 -4  0  0  0 ]

113003022113223200	[  2 -2  2 -6 -2  2 -2 -2 -2 ]
320002302120102120	[ -4  0 -4  4  0 -4  0  0  0 ]

113003022113223200	[  2 -2  2 -6 -2  2 -2 -2 -2 ]
331013302131113120	[ -4  0 -4  4  0 -4  0  0  0 ]

113003022113223200	[  2 -2  2 -6 -2  2 -2 -2 -2 ]
312201022130200020	[ -4  0 -4  4  0 -4  0  0  0 ]

000200200200222222	[  2 -2  6 -2 -6 -2 -2 -2 -2 ]
311130312310132130	[ -4  0 -8  0  4  0  0  0  0 ]

000200200200222222	[  2 -2  6 -2 -6 -2 -2 -2 -2 ]
320102302120002120	[ -4  0 -8  0  4  0  0  0  0 ]

000200200200222222	[  2 -2  6 -2 -6 -2 -2 -2 -2 ]
331113302131013120	[ -4  0 -8  0  4  0  0  0  0 ]

000200200200222222	[  2 -2  6 -2 -6 -2 -2 -2 -2 ]
312200022130201020	[ -4  0 -8  0  4  0  0  0  0 ]

000000220220220222	[  2 -2  6 -2 -6 -2 -2 -2 -2 ]
311130312310132130	[ -4  0 -8  0  4  0  0  0  0 ]

000000220220220222	[  2 -2  6 -2 -6 -2 -2 -2 -2 ]
320102302120002120	[ -4  0 -8  0  4  0  0  0  0 ]

000000220220220222	[  2 -2  6 -2 -6 -2 -2 -2 -2 ]
331113302131013120	[ -4  0 -8  0  4  0  0  0  0 ]

000000220220220222	[  2 -2  6 -2 -6 -2 -2 -2 -2 ]
312200022130201020	[ -4  0 -8  0  4  0  0  0  0 ]

133022122133200100	[  2 -2  6 -2 -6 -2 -2 -2 -2 ]
311130312310132130	[ -4  0 -8  0  4  0  0  0  0 ]

133022122133200100	[  2 -2  6 -2 -6 -2 -2 -2 -2 ]
320102302120002120	[ -4  0 -8  0  4  0  0  0  0 ]

133022122133200100	[  2 -2  6 -2 -6 -2 -2 -2 -2 ]
331113302131013120	[ -4  0 -8  0  4  0  0  0  0 ]

133022122133200100	[  2 -2  6 -2 -6 -2 -2 -2 -2 ]
312200022130201020	[ -4  0 -8  0  4  0  0  0  0 ]

113003002113223220	[  2 -2  6 -2 -6 -2 -2 -2 -2 ]
311130312310132130	[ -4  0 -8  0  4  0  0  0  0 ]

113003002113223220	[  2 -2  6 -2 -6 -2 -2 -2 -2 ]
320102302120002120	[ -4  0 -8  0  4  0  0  0  0 ]

113003002113223220	[  2 -2  6 -2 -6 -2 -2 -2 -2 ]
331113302131013120	[ -4  0 -8  0  4  0  0  0  0 ]

113003002113223220	[  2 -2  6 -2 -6 -2 -2 -2 -2 ]
312200022130201020	[ -4  0 -8  0  4  0  0  0  0 ]

100012123032303212	[  2  0 -2 -4 -2  0  2 -4 -2 ]
312030103021321012	[ -4 -2  0  2  0 -2 -4  2  0 ]

100012123032303212	[  2  0 -2 -4 -2  0  2 -4 -2 ]
312101213023010320	[ -4 -2  0  2  0 -2 -4  2  0 ]

100012123032303212	[  2  0 -2 -4 -2  0  2 -4 -2 ]
313010313022101220	[ -4 -2  0  2  0 -2 -4  2  0 ]

100012123032303212	[  2  0 -2 -4 -2  0  2 -4 -2 ]
331202101202133010	[ -4 -2  0  2  0 -2 -4  2  0 ]

101210303222303012	[  2  0 -2 -4 -2  0  2 -4 -2 ]
312030103021321012	[ -4 -2  0  2  0 -2 -4  2  0 ]

101210303222303012	[  2  0 -2 -4 -2  0  2 -4 -2 ]
312101213023010320	[ -4 -2  0  2  0 -2 -4  2  0 ]

101210303222303012	[  2  0 -2 -4 -2  0  2 -4 -2 ]
313010313022101220	[ -4 -2  0  2  0 -2 -4  2  0 ]

101210303222303012	[  2  0 -2 -4 -2  0  2 -4 -2 ]
331202101202133010	[ -4 -2  0  2  0 -2 -4  2  0 ]

101210123230003232	[  2  0 -2 -4 -2  0  2 -4 -2 ]
312030103021321012	[ -4 -2  0  2  0 -2 -4  2  0 ]

101210123230003232	[  2  0 -2 -4 -2  0  2 -4 -2 ]
312101213023010320	[ -4 -2  0  2  0 -2 -4  2  0 ]

101210123230003232	[  2  0 -2 -4 -2  0  2 -4 -2 ]
313010313022101220	[ -4 -2  0  2  0 -2 -4  2  0 ]

101210123230003232	[  2  0 -2 -4 -2  0  2 -4 -2 ]
331202101202133010	[ -4 -2  0  2  0 -2 -4  2  0 ]

101032303230101222	[  2  0 -2 -4 -2  0  2 -4 -2 ]
312030103021321012	[ -4 -2  0  2  0 -2 -4  2  0 ]

101032303230101222	[  2  0 -2 -4 -2  0  2 -4 -2 ]
312101213023010320	[ -4 -2  0  2  0 -2 -4  2  0 ]

101032303230101222	[  2  0 -2 -4 -2  0  2 -4 -2 ]
313010313022101220	[ -4 -2  0  2  0 -2 -4  2  0 ]

101032303230101222	[  2  0 -2 -4 -2  0  2 -4 -2 ]
331202101202133010	[ -4 -2  0  2  0 -2 -4  2  0 ]

112033233021120002	[  2  0 -2 -4 -2  0  2 -4 -2 ]
312030103021321012	[ -4 -2  0  2  0 -2 -4  2  0 ]

112033233021120002	[  2  0 -2 -4 -2  0  2 -4 -2 ]
312101213023010320	[ -4 -2  0  2  0 -2 -4  2  0 ]

112033233021120002	[  2  0 -2 -4 -2  0  2 -4 -2 ]
313010313022101220	[ -4 -2  0  2  0 -2 -4  2  0 ]

112033233021120002	[  2  0 -2 -4 -2  0  2 -4 -2 ]
331202101202133010	[ -4 -2  0  2  0 -2 -4  2  0 ]

110233200023320112	[  2  0 -2 -4 -2  0  2 -4 -2 ]
312030103021321012	[ -4 -2  0  2  0 -2 -4  2  0 ]

110233200023320112	[  2  0 -2 -4 -2  0  2 -4 -2 ]
312101213023010320	[ -4 -2  0  2  0 -2 -4  2  0 ]

110233200023320112	[  2  0 -2 -4 -2  0  2 -4 -2 ]
313010313022101220	[ -4 -2  0  2  0 -2 -4  2  0 ]

110233200023320112	[  2  0 -2 -4 -2  0  2 -4 -2 ]
331202101202133010	[ -4 -2  0  2  0 -2 -4  2  0 ]

110233033201102220	[  2  0 -2 -4 -2  0  2 -4 -2 ]
312030103021321012	[ -4 -2  0  2  0 -2 -4  2  0 ]

110233033201102220	[  2  0 -2 -4 -2  0  2 -4 -2 ]
312101213023010320	[ -4 -2  0  2  0 -2 -4  2  0 ]

110233033201102220	[  2  0 -2 -4 -2  0  2 -4 -2 ]
313010313022101220	[ -4 -2  0  2  0 -2 -4  2  0 ]

110233033201102220	[  2  0 -2 -4 -2  0  2 -4 -2 ]
331202101202133010	[ -4 -2  0  2  0 -2 -4  2  0 ]

110112033022203302	[  2  0 -2 -4 -2  0  2 -4 -2 ]
312030103021321012	[ -4 -2  0  2  0 -2 -4  2  0 ]

110112033022203302	[  2  0 -2 -4 -2  0  2 -4 -2 ]
312101213023010320	[ -4 -2  0  2  0 -2 -4  2  0 ]

110112033022203302	[  2  0 -2 -4 -2  0  2 -4 -2 ]
313010313022101220	[ -4 -2  0  2  0 -2 -4  2  0 ]

110112033022203302	[  2  0 -2 -4 -2  0  2 -4 -2 ]
331202101202133010	[ -4 -2  0  2  0 -2 -4  2  0 ]

